---
root: -0.23657669672701723
iterationsNumber: 1
froot: -1.944031466565733
