---
root: -0.498046875
iterationsNumber: 13
froot: -0.11817511305212935
