---
root: 1.412109375
iterationsNumber: 10
froot: -0.005947113037109375
